img0.png 358 194 77 151 
img0.png 103 195 54 105 
img0.png 202 266 47 51 
img1.png 110 323 78 62 
img1.png 295 327 97 65 
img2.png 97 114 49 77 
img2.png 293 294 68 68 
img3.png 83 75 83 129 
img3.png 284 120 131 226 
img3.png 90 232 81 113 
img3.png 191 236 52 100 
img4.png 53 227 163 105 
img5.png 203 602 228 140 
img6.png 44 113 64 47 
img6.png 256 130 51 56 
img6.png 35 193 69 40 
img6.png 284 200 32 33 
img7.png 303 66 83 122 
img7.png 70 205 107 71 
img7.png 274 212 85 59 
img7.png 168 213 4 4 
img9.png 51 78 73 84 
img9.png 175 109 67 51 
img10.png 358 110 86 182 
img10.png 335 282 38 33 
img10.png 359 315 7 5 
img11.png 170 175 0 0 
img11.png 95 176 100 172 
img11.png 166 176 3 2 
img11.png 342 185 70 125 
img11.png 175 285 2 2 
img11.png 307 309 64 51 
img11.png 360 313 3 4 
img12.png 118 202 137 177 
img12.png 304 230 125 147 
img13.png 163 76 24 38 
img13.png 14 79 52 57 
img13.png 53 106 9 7 
img14.png 62 200 120 72 
img14.png 270 202 92 69 
img15.png 355 282 97 129 
img15.png 134 333 94 88 
img16.png 333 42 244 283 
img16.png 41 45 262 279 
img17.png 49 234 170 104 
img18.png 171 259 20 20 
img19.png 178 40 54 82 
img19.png 47 74 46 73 
img19.png 110 108 15 22 
img20.png 95 41 76 40 
img20.png 273 57 49 43 
img20.png 84 187 44 47 
img21.png 181 31 64 72 
img21.png 49 97 56 33 
img21.png 201 110 38 43 
img22.png 36 129 114 96 
img22.png 230 177 78 46 
img23.png 102 154 39 92 
img23.png 106 265 45 97 
img23.png 144 277 81 109 
img23.png 192 278 8 6 
img23.png 287 335 32 78 
img25.png 313 187 9 18 
img25.png 266 201 70 194 
img25.png 174 204 71 181 
img25.png 332 217 0 3 
img25.png 294 218 7 20 
img26.png 347 147 78 156 
img27.png 275 98 50 51 
img27.png 120 159 60 55 
img28.png 297 75 38 81 
img28.png 84 209 53 36 
img28.png 105 213 3 3 
img29.png 22 16 37 47 
img29.png 123 35 26 42 
img29.png 20 72 24 23 
img30.png 104 53 53 53 
img30.png 136 68 4 4 
img30.png 263 80 68 122 
img30.png 237 86 18 21 
img30.png 73 115 86 123 
img30.png 141 131 6 4 
img31.png 74 101 99 89 
img31.png 347 160 95 93 
img31.png 418 175 4 5 
img31.png 52 190 7 34 
img31.png 386 298 45 88 
img33.png 95 217 13 9 
img33.png 50 230 180 106 
img34.png 163 193 76 61 
img34.png 367 242 44 87 
img34.png 190 277 28 21 
img34.png 160 293 61 70 
img34.png 234 293 45 51 
img35.png 375 196 72 230 
img35.png 66 294 80 125 
img36.png 68 240 62 33 
img36.png 94 242 3 3 
img37.png 66 87 34 35 
img37.png 283 109 50 51 
img37.png 62 151 33 41 
img37.png 309 168 30 48 
img37.png 83 204 74 47 
img38.png 36 44 15 29 
img38.png 167 47 36 73 
img38.png 32 75 37 84 
img38.png 147 125 47 43 
img39.png 173 21 68 88 
img39.png 42 64 59 60 
img39.png 69 121 52 33 
img40.png 156 296 86 86 
img40.png 309 310 96 62 
img41.png 46 120 190 187 
img41.png 226 226 22 25 
img41.png 337 260 123 49 
img42.png 283 98 41 106 
img42.png 87 181 84 55 
img42.png 261 195 21 14 
img43.png 72 107 66 50 
img43.png 274 137 54 68 
img43.png 77 168 53 78 
img43.png 131 197 15 25 
img44.png 192 30 61 94 
img44.png 45 32 74 122 
img45.png 94 110 71 73 
img45.png 168 131 6 9 
img45.png 292 327 76 76 
img46.png 314 270 97 98 
img47.png 177 287 47 86 
img47.png 308 320 5 16 
img47.png 229 327 13 45 
img47.png 223 332 3 15 
img47.png 298 335 27 47 
img48.png 330 211 29 39 
img48.png 316 251 72 51 
img48.png 365 258 90 139 
img48.png 120 320 51 45 
img48.png 108 343 97 50 
img49.png 279 94 57 42 
img49.png 43 164 93 61 
img49.png 199 173 100 41 
img50.png 84 209 39 33 
img50.png 359 309 87 93 
img50.png 73 320 165 86 
img51.png 34 53 15 34 
img51.png 68 67 20 71 
img51.png 149 91 7 13 
img51.png 100 136 22 31 
img51.png 123 145 0 1 
img51.png 101 158 24 83 
img51.png 102 165 0 0 
img51.png 30 210 26 29 
img51.png 33 220 3 2 
img51.png 110 238 0 1 
img51.png 109 240 0 0 
img51.png 177 287 46 86 
img51.png 308 320 5 16 
img51.png 298 335 27 47 
